# Made in Blockbench 5.0.7
mtllib Crimson_Butterfly_knife.mtl

o cube
v 0.040624999999999314 0.5004990185586027 0.6579941714213693
v -6.48433875897298e-16 0.5004990185586027 0.6579941714213693
v 0.040624999999999294 0.4850310577201468 0.6425262105829135
v -6.69077085261422e-16 0.48503105772014693 0.6425262105829135
v -7.698645192156745e-16 0.4618291164624634 0.6966640735175085
v 0.04062499999999919 0.4618291164624633 0.6966640735175085
v -7.905077285797985e-16 0.4463611556240076 0.6811961126790528
v 0.04062499999999917 0.44636115562400747 0.6811961126790528
vt 0.5 0.5625
vt 0.5625 0.5625
vt 0.5625 0.5
vt 0.5 0.5
vt 0.5 0.5625
vt 0.5625 0.5625
vt 0.5625 0.5
vt 0.5 0.5
vt 0.5 0.5625
vt 0.5625 0.5625
vt 0.5625 0.5
vt 0.5 0.5
vt 0.5 0.5625
vt 0.5625 0.5625
vt 0.5625 0.5
vt 0.5 0.5
vt 0.5 0.5625
vt 0.5625 0.5625
vt 0.5625 0.5
vt 0.5 0.5
vt 0.5 0.5625
vt 0.5625 0.5625
vt 0.5625 0.5
vt 0.5 0.5
vn -1 2.2373817536243798e-15 -9.028031637431697e-16
vn 2.1196248192230973e-15 0.7071067811865478 -0.7071067811865472
vn 1 -2.2373817536243798e-15 9.028031637431697e-16
vn -2.1196248192230973e-15 -0.7071067811865478 0.7071067811865472
vn 8.635508522760754e-16 0.7071067811865471 0.7071067811865479
vn -8.635508522760754e-16 -0.7071067811865471 -0.7071067811865479
usemtl m_659559a6-bfd8-dd34-0823-dc18abce9b7b
f 4/4/1 7/3/1 5/2/1 2/1/1
f 3/8/2 4/7/2 2/6/2 1/5/2
f 8/12/3 3/11/3 1/10/3 6/9/3
f 7/16/4 8/15/4 6/14/4 5/13/4
f 6/20/5 1/19/5 2/18/5 5/17/5
f 7/24/6 4/23/6 3/22/6 8/21/6
o cube
v 0.04062499999999977 0.457805 0.6344387499999999
v -1.963799346070351e-16 0.457805 0.6344387499999999
v 0.04062499999999977 0.4406175 0.6344387499999999
v -1.9637793124510916e-16 0.4406175 0.6344387499999999
v -2.0054327094937944e-16 0.457805 0.65318875
v 0.040624999999999765 0.457805 0.65318875
v -2.005412675874535e-16 0.4406175 0.65318875
v 0.040624999999999765 0.4406175 0.65318875
vt 0.5 0.5625
vt 0.5625 0.5625
vt 0.5625 0.5
vt 0.5 0.5
vt 0.5 0.5625
vt 0.5625 0.5625
vt 0.5625 0.5
vt 0.5 0.5
vt 0.5 0.5625
vt 0.5625 0.5625
vt 0.5625 0.5
vt 0.5 0.5
vt 0.5 0.5625
vt 0.5625 0.5625
vt 0.5625 0.5
vt 0.5 0.5
vt 0.5 0.5625
vt 0.5625 0.5625
vt 0.5625 0.5
vt 0.5 0.5
vt 0.5 0.5625
vt 0.5625 0.5625
vt 0.5625 0.5
vt 0.5 0.5
vn -1 -1.165592393275421e-19 -2.220446049250313e-16
vn 2.220446049250313e-16 2.588135024684626e-35 -1
vn 1 1.165592393275421e-19 2.220446049250313e-16
vn -2.220446049250313e-16 -2.588135024684626e-35 1
vn -1.165592393275421e-19 1 -1.8072259420058102e-36
vn 1.165592393275421e-19 -1 1.8072259420058102e-36
usemtl m_659559a6-bfd8-dd34-0823-dc18abce9b7b
f 12/28/7 15/27/7 13/26/7 10/25/7
f 11/32/8 12/31/8 10/30/8 9/29/8
f 16/36/9 11/35/9 9/34/9 14/33/9
f 15/40/10 16/39/10 14/38/10 13/37/10
f 14/44/11 9/43/11 10/42/11 13/41/11
f 15/48/12 12/47/12 11/46/12 16/45/12
o cube
v 0.040624999999999765 0.476555 0.65318875
v -2.0054545643511684e-16 0.476555 0.65318875
v 0.040624999999999765 0.4593675 0.65318875
v -2.005434530731909e-16 0.4593675 0.65318875
v -2.0470879277746119e-16 0.476555 0.67193875
v 0.04062499999999976 0.476555 0.67193875
v -2.0470678941553524e-16 0.4593675 0.67193875
v 0.04062499999999976 0.4593675 0.67193875
vt 0.5 0.5625
vt 0.5625 0.5625
vt 0.5625 0.5
vt 0.5 0.5
vt 0.5 0.5625
vt 0.5625 0.5625
vt 0.5625 0.5
vt 0.5 0.5
vt 0.5 0.5625
vt 0.5625 0.5625
vt 0.5625 0.5
vt 0.5 0.5
vt 0.5 0.5625
vt 0.5625 0.5625
vt 0.5625 0.5
vt 0.5 0.5
vt 0.5 0.5625
vt 0.5625 0.5625
vt 0.5625 0.5
vt 0.5 0.5
vt 0.5 0.5625
vt 0.5625 0.5625
vt 0.5625 0.5
vt 0.5 0.5
vn -1 -1.165592393275421e-19 -2.220446049250313e-16
vn 2.220446049250313e-16 2.588135024684626e-35 -1
vn 1 1.165592393275421e-19 2.220446049250313e-16
vn -2.220446049250313e-16 -2.588135024684626e-35 1
vn -1.165592393275421e-19 1 -1.8072259420058102e-36
vn 1.165592393275421e-19 -1 1.8072259420058102e-36
usemtl m_659559a6-bfd8-dd34-0823-dc18abce9b7b
f 20/52/13 23/51/13 21/50/13 18/49/13
f 19/56/14 20/55/14 18/54/14 17/53/14
f 24/60/15 19/59/15 17/58/15 22/57/15
f 23/64/16 24/63/16 22/62/16 21/61/16
f 22/68/17 17/67/17 18/66/17 21/65/17
f 23/72/18 20/71/18 19/70/18 24/69/18
o cube
v 0.04062499999999977 0.4968675 0.6344387499999999
v -1.9638448770232133e-16 0.4968675 0.6344387499999999
v 0.04062499999999977 0.47968 0.6344387499999999
v -1.9638248434039538e-16 0.47968 0.6344387499999999
v -2.0054782404466568e-16 0.4968675 0.65318875
v 0.040624999999999765 0.4968675 0.65318875
v -2.0054582068273973e-16 0.47968 0.65318875
v 0.040624999999999765 0.47968 0.65318875
vt 0.5 0.5625
vt 0.5625 0.5625
vt 0.5625 0.5
vt 0.5 0.5
vt 0.5 0.5625
vt 0.5625 0.5625
vt 0.5625 0.5
vt 0.5 0.5
vt 0.5 0.5625
vt 0.5625 0.5625
vt 0.5625 0.5
vt 0.5 0.5
vt 0.5 0.5625
vt 0.5625 0.5625
vt 0.5625 0.5
vt 0.5 0.5
vt 0.5 0.5625
vt 0.5625 0.5625
vt 0.5625 0.5
vt 0.5 0.5
vt 0.5 0.5625
vt 0.5625 0.5625
vt 0.5625 0.5
vt 0.5 0.5
vn -1 -1.165592393275421e-19 -2.220446049250313e-16
vn 2.220446049250313e-16 2.588135024684626e-35 -1
vn 1 1.165592393275421e-19 2.220446049250313e-16
vn -2.220446049250313e-16 -2.588135024684626e-35 1
vn -1.165592393275421e-19 1 -1.8072259420058102e-36
vn 1.165592393275421e-19 -1 1.8072259420058102e-36
usemtl m_659559a6-bfd8-dd34-0823-dc18abce9b7b
f 28/76/19 31/75/19 29/74/19 26/73/19
f 27/80/20 28/79/20 26/78/20 25/77/20
f 32/84/21 27/83/21 25/82/21 30/81/21
f 31/88/22 32/87/22 30/86/22 29/85/22
f 30/92/23 25/91/23 26/90/23 29/89/23
f 31/96/24 28/95/24 27/94/24 32/93/24
o cube
v 0.04062499999999927 0.4695630968816912 0.6270582497444579
v -6.897202946255459e-16 0.4695630968816913 0.6270582497444579
v 0.04062499999999925 0.4540951360432355 0.6115902889060021
v -7.1036350398967e-16 0.45409513604323554 0.6115902889060021
v -8.111509379439224e-16 0.43089319478555194 0.6657281518405971
v 0.04062499999999915 0.4308931947855519 0.6657281518405971
v -8.317941473080465e-16 0.4154252339470962 0.6502601910021413
v 0.04062499999999913 0.4154252339470961 0.6502601910021413
vt 0.5 0.5625
vt 0.5625 0.5625
vt 0.5625 0.5
vt 0.5 0.5
vt 0.5 0.5625
vt 0.5625 0.5625
vt 0.5625 0.5
vt 0.5 0.5
vt 0.5 0.5625
vt 0.5625 0.5625
vt 0.5625 0.5
vt 0.5 0.5
vt 0.5 0.5625
vt 0.5625 0.5625
vt 0.5625 0.5
vt 0.5 0.5
vt 0.5 0.5625
vt 0.5625 0.5625
vt 0.5625 0.5
vt 0.5 0.5
vt 0.5 0.5625
vt 0.5625 0.5625
vt 0.5625 0.5
vt 0.5 0.5
vn -1 2.2373817536243798e-15 -9.028031637431697e-16
vn 2.1196248192230973e-15 0.7071067811865478 -0.7071067811865472
vn 1 -2.2373817536243798e-15 9.028031637431697e-16
vn -2.1196248192230973e-15 -0.7071067811865478 0.7071067811865472
vn 8.635508522760754e-16 0.7071067811865471 0.7071067811865479
vn -8.635508522760754e-16 -0.7071067811865471 -0.7071067811865479
usemtl m_659559a6-bfd8-dd34-0823-dc18abce9b7b
f 36/100/25 39/99/25 37/98/25 34/97/25
f 35/104/26 36/103/26 34/102/26 33/101/26
f 40/108/27 35/107/27 33/106/27 38/105/27
f 39/112/28 40/111/28 38/110/28 37/109/28
f 38/116/29 33/115/29 34/114/29 37/113/29
f 39/120/30 36/119/30 35/118/30 40/117/30
o cube
v 0.04062499999999977 0.47452562499999995 0.6105343750000001
v -1.9107404604751141e-16 0.47452562499999995 0.6105343750000001
v 0.04062499999999977 0.462025625 0.6105343750000001
v -1.9107258905701983e-16 0.462025625 0.6105343750000001
v -1.9593127178024644e-16 0.47452562499999995 0.6324093749999999
v 0.04062499999999977 0.47452562499999995 0.6324093749999999
v -1.9592981478975486e-16 0.462025625 0.6324093749999999
v 0.04062499999999977 0.462025625 0.6324093749999999
vt 0.5 0.5625
vt 0.5625 0.5625
vt 0.5625 0.5
vt 0.5 0.5
vt 0.5 0.5625
vt 0.5625 0.5625
vt 0.5625 0.5
vt 0.5 0.5
vt 0.5 0.5625
vt 0.5625 0.5625
vt 0.5625 0.5
vt 0.5 0.5
vt 0.5 0.5625
vt 0.5625 0.5625
vt 0.5625 0.5
vt 0.5 0.5
vt 0.5 0.5625
vt 0.5625 0.5625
vt 0.5625 0.5
vt 0.5 0.5
vt 0.5 0.5625
vt 0.5625 0.5625
vt 0.5625 0.5
vt 0.5 0.5
vn -1 -1.165592393275421e-19 -2.220446049250313e-16
vn 2.220446049250313e-16 2.588135024684626e-35 -1
vn 1 1.165592393275421e-19 2.220446049250313e-16
vn -2.220446049250313e-16 -2.588135024684626e-35 1
vn -1.165592393275421e-19 1 -1.8072259420058102e-36
vn 1.165592393275421e-19 -1 1.8072259420058102e-36
usemtl m_659559a6-bfd8-dd34-0823-dc18abce9b7b
f 44/124/31 47/123/31 45/122/31 42/121/31
f 43/128/32 44/127/32 42/126/32 41/125/32
f 48/132/33 43/131/33 41/130/33 46/129/33
f 47/136/34 48/135/34 46/134/34 45/133/34
f 46/140/35 41/139/35 42/138/35 45/137/35
f 47/144/36 44/143/36 43/142/36 48/141/36
o cube
v 0.040624999999999245 0.47066795122729516 0.6590990257669732
v -7.16174827634192e-16 0.47066795122729527 0.6590990257669732
v 0.0406249999999992 0.4386271752047797 0.6270582497444577
v -7.589357613170204e-16 0.4386271752047798 0.6270582497444577
v -7.890332136252181e-16 0.44746600996961167 0.6823009670246568
v 0.04062499999999917 0.4474660099696116 0.6823009670246568
v -8.317941473080465e-16 0.4154252339470962 0.6502601910021413
v 0.04062499999999913 0.4154252339470961 0.6502601910021413
vt 0.5 0.5625
vt 0.5625 0.5625
vt 0.5625 0.5
vt 0.5 0.5
vt 0.5 0.5625
vt 0.5625 0.5625
vt 0.5625 0.5
vt 0.5 0.5
vt 0.5 0.5625
vt 0.5625 0.5625
vt 0.5625 0.5
vt 0.5 0.5
vt 0.5 0.5625
vt 0.5625 0.5625
vt 0.5625 0.5
vt 0.5 0.5
vt 0.5 0.5625
vt 0.5625 0.5625
vt 0.5625 0.5
vt 0.5 0.5
vt 0.5 0.5625
vt 0.5625 0.5625
vt 0.5625 0.5
vt 0.5 0.5
vn -1 2.2373817536243798e-15 -9.028031637431697e-16
vn 2.1196248192230973e-15 0.7071067811865478 -0.7071067811865472
vn 1 -2.2373817536243798e-15 9.028031637431697e-16
vn -2.1196248192230973e-15 -0.7071067811865478 0.7071067811865472
vn 8.635508522760754e-16 0.7071067811865471 0.7071067811865479
vn -8.635508522760754e-16 -0.7071067811865471 -0.7071067811865479
usemtl m_659559a6-bfd8-dd34-0823-dc18abce9b7b
f 52/148/37 55/147/37 53/146/37 50/145/37
f 51/152/38 52/151/38 50/150/38 49/149/38
f 56/156/39 51/155/39 49/154/39 54/153/39
f 55/160/40 56/159/40 54/158/40 53/157/40
f 54/164/41 49/163/41 50/162/41 53/161/41
f 55/168/42 52/167/42 51/166/42 56/165/42
o cube
v 0.040625000000002305 0.5657461293766003 0.5000504395101741
v 2.340406986776217e-15 0.5657461293766002 0.5000504395101744
v 0.04062500000000231 0.5556411969897583 0.4958648394686811
v 2.3458713657255435e-15 0.5556411969897581 0.4958648394686813
v 3.3326688150349505e-15 0.499972414438851 0.658842234160552
v 0.0406250000000033 0.4999724144388511 0.6588422341605518
v 3.338133193984277e-15 0.4898674820520089 0.6546566341190589
v 0.040625000000003304 0.48986748205200903 0.6546566341190587
vt 0.5 0.5625
vt 0.5625 0.5625
vt 0.5625 0.5
vt 0.5 0.5
vt 0.5 0.5625
vt 0.5625 0.5625
vt 0.5625 0.5
vt 0.5 0.5
vt 0.5 0.5625
vt 0.5625 0.5625
vt 0.5625 0.5
vt 0.5 0.5
vt 0.5 0.5625
vt 0.5625 0.5625
vt 0.5625 0.5
vt 0.5 0.5
vt 0.5 0.5625
vt 0.5625 0.5625
vt 0.5625 0.5
vt 0.5 0.5
vt 0.5 0.5625
vt 0.5625 0.5625
vt 0.5625 0.5
vt 0.5 0.5
vn -1 -2.6708631283606567e-15 5.142515329675146e-15
vn -5.759193409778249e-15 0.3826834323650865 -0.9238795325112881
vn 1 2.6708631283606567e-15 -5.142515329675146e-15
vn 5.759193409778249e-15 -0.3826834323650865 0.9238795325112881
vn -5.586210003164036e-16 0.9238795325112881 0.3826834323650865
vn 5.586210003164036e-16 -0.9238795325112881 -0.3826834323650865
usemtl m_659559a6-bfd8-dd34-0823-dc18abce9b7b
f 60/172/43 63/171/43 61/170/43 58/169/43
f 59/176/44 60/175/44 58/174/44 57/173/44
f 64/180/45 59/179/45 57/178/45 62/177/45
f 63/184/46 64/183/46 62/182/46 61/181/46
f 62/188/47 57/187/47 58/186/47 61/185/47
f 63/192/48 60/191/48 59/190/48 64/189/48
o cube
v 0.03437500000000208 0.5801568543756466 0.43667880691717664
v 0.006250000000001898 0.5801568543756465 0.43667880691717675
v 0.0343750000000021 0.5325193159805333 0.4169466924358519
v 0.006250000000001924 0.5325193159805331 0.41694669243585203
v 0.006250000000002872 0.5155790251640381 0.5925834780284568
v 0.03437500000000305 0.5155790251640382 0.5925834780284566
v 0.006250000000002898 0.46794148676892483 0.572851363547132
v 0.03437500000000308 0.4679414867689249 0.5728513635471317
vt 0.59375 0.5625
vt 0.53125 0.5625
vt 0.53125 0.5
vt 0.59375 0.5
vt 0.53125 0.5625
vt 0.59375 0.5625
vt 0.59375 0.5
vt 0.53125 0.5
vt 0.53125 0.5625
vt 0.59375 0.5625
vt 0.59375 0.5
vt 0.53125 0.5
vt 0.53125 0.5625
vt 0.59375 0.5625
vt 0.59375 0.5
vt 0.53125 0.5
vt 0.53125 0.5625
vt 0.59375 0.5625
vt 0.59375 0.5
vt 0.53125 0.5
vt 0.53125 0.5625
vt 0.59375 0.5625
vt 0.59375 0.5
vt 0.53125 0.5
vn -1 -2.6708631283606567e-15 5.142515329675146e-15
vn -5.759193409778249e-15 0.3826834323650865 -0.9238795325112881
vn 1 2.6708631283606567e-15 -5.142515329675146e-15
vn 5.759193409778249e-15 -0.3826834323650865 0.9238795325112881
vn -5.586210003164036e-16 0.9238795325112881 0.3826834323650865
vn 5.586210003164036e-16 -0.9238795325112881 -0.3826834323650865
usemtl m_659559a6-bfd8-dd34-0823-dc18abce9b7b
f 68/196/49 71/195/49 69/194/49 66/193/49
f 67/200/50 68/199/50 66/198/50 65/197/50
f 72/204/51 67/203/51 65/202/51 70/201/51
f 71/208/52 72/207/52 70/206/52 69/205/52
f 70/212/53 65/211/53 66/210/53 69/209/53
f 71/216/54 68/215/54 67/214/54 72/213/54
o cube
v 0.034374999999999975 0.579703125 0.318
v 0.0062499999999997965 0.579703125 0.318
v 0.034374999999999975 0.532828125 0.318
v 0.0062499999999997965 0.532828125 0.318
v 0.006249999999999769 0.579703125 0.443
v 0.03437499999999995 0.579703125 0.443
v 0.006249999999999769 0.532828125 0.443
v 0.03437499999999995 0.532828125 0.443
vt 0.625 0.5625
vt 0.5625 0.5625
vt 0.5625 0.5
vt 0.625 0.5
vt 0.5625 0.5625
vt 0.625 0.5625
vt 0.625 0.5
vt 0.5625 0.5
vt 0.5625 0.5625
vt 0.625 0.5625
vt 0.625 0.5
vt 0.5625 0.5
vt 0.5625 0.5625
vt 0.625 0.5625
vt 0.625 0.5
vt 0.5625 0.5
vt 0.5625 0.5625
vt 0.625 0.5625
vt 0.625 0.5
vt 0.5625 0.5
vt 0.5625 0.5625
vt 0.625 0.5625
vt 0.625 0.5
vt 0.5625 0.5
vn -1 -1.165592393275421e-19 -2.220446049250313e-16
vn 2.220446049250313e-16 2.588135024684626e-35 -1
vn 1 1.165592393275421e-19 2.220446049250313e-16
vn -2.220446049250313e-16 -2.588135024684626e-35 1
vn -1.165592393275421e-19 1 -1.8072259420058102e-36
vn 1.165592393275421e-19 -1 1.8072259420058102e-36
usemtl m_659559a6-bfd8-dd34-0823-dc18abce9b7b
f 76/220/55 79/219/55 77/218/55 74/217/55
f 75/224/56 76/223/56 74/222/56 73/221/56
f 80/228/57 75/227/57 73/226/57 78/225/57
f 79/232/58 80/231/58 78/230/58 77/229/58
f 78/236/59 73/235/59 74/234/59 77/233/59
f 79/240/60 76/239/60 75/238/60 80/237/60
o cube
v 0.03437499999999999 0.589078125 0.24925000000000003
v 0.006249999999999811 0.589078125 0.24925000000000003
v 0.03437499999999999 0.542203125 0.24925000000000003
v 0.006249999999999811 0.542203125 0.24925000000000003
v 0.0062499999999997835 0.589078125 0.37425
v 0.03437499999999996 0.589078125 0.37425
v 0.0062499999999997835 0.542203125 0.37425
v 0.03437499999999996 0.542203125 0.37425
vt 0.65625 0.5625
vt 0.59375 0.5625
vt 0.59375 0.5
vt 0.65625 0.5
vt 0.59375 0.5625
vt 0.65625 0.5625
vt 0.65625 0.5
vt 0.59375 0.5
vt 0.59375 0.5625
vt 0.65625 0.5625
vt 0.65625 0.5
vt 0.59375 0.5
vt 0.59375 0.5625
vt 0.65625 0.5625
vt 0.65625 0.5
vt 0.59375 0.5
vt 0.59375 0.5625
vt 0.65625 0.5625
vt 0.65625 0.5
vt 0.59375 0.5
vt 0.59375 0.5625
vt 0.65625 0.5625
vt 0.65625 0.5
vt 0.59375 0.5
vn -1 -1.165592393275421e-19 -2.220446049250313e-16
vn 2.220446049250313e-16 2.588135024684626e-35 -1
vn 1 1.165592393275421e-19 2.220446049250313e-16
vn -2.220446049250313e-16 -2.588135024684626e-35 1
vn -1.165592393275421e-19 1 -1.8072259420058102e-36
vn 1.165592393275421e-19 -1 1.8072259420058102e-36
usemtl m_659559a6-bfd8-dd34-0823-dc18abce9b7b
f 84/244/61 87/243/61 85/242/61 82/241/61
f 83/248/62 84/247/62 82/246/62 81/245/62
f 88/252/63 83/251/63 81/250/63 86/249/63
f 87/256/64 88/255/64 86/254/64 85/253/64
f 86/260/65 81/259/65 82/258/65 85/257/65
f 87/264/66 84/263/66 83/262/66 88/261/66
o cube
v 0.04062500000000233 0.5137779056728404 0.47852449643963807
v 2.3685095070870408e-15 0.5137779056728403 0.4785244964396383
v 0.04062500000000234 0.5022294115164494 0.4737409535350745
v 2.3747545116005575e-15 0.5022294115164493 0.4737409535350747
v 3.3517507732706957e-15 0.44860213359816153 0.6358727293204671
v 0.04062500000000332 0.44860213359816165 0.6358727293204669
v 3.3579957777842125e-15 0.43705363944177045 0.6310891864159035
v 0.040625000000003325 0.43705363944177056 0.6310891864159033
vt 0.5 0.5625
vt 0.5625 0.5625
vt 0.5625 0.5
vt 0.5 0.5
vt 0.5 0.5625
vt 0.5625 0.5625
vt 0.5625 0.5
vt 0.5 0.5
vt 0.5 0.5625
vt 0.5625 0.5625
vt 0.5625 0.5
vt 0.5 0.5
vt 0.5 0.5625
vt 0.5625 0.5625
vt 0.5625 0.5
vt 0.5 0.5
vt 0.5 0.5625
vt 0.5625 0.5625
vt 0.5625 0.5
vt 0.5 0.5
vt 0.5 0.5625
vt 0.5625 0.5625
vt 0.5625 0.5
vt 0.5 0.5
vn -1 -2.6708631283606567e-15 5.142515329675146e-15
vn -5.759193409778249e-15 0.3826834323650865 -0.9238795325112881
vn 1 2.6708631283606567e-15 -5.142515329675146e-15
vn 5.759193409778249e-15 -0.3826834323650865 0.9238795325112881
vn -5.586210003164036e-16 0.9238795325112881 0.3826834323650865
vn 5.586210003164036e-16 -0.9238795325112881 -0.3826834323650865
usemtl m_659559a6-bfd8-dd34-0823-dc18abce9b7b
f 92/268/67 95/267/67 93/266/67 90/265/67
f 91/272/68 92/271/68 90/270/68 89/269/68
f 96/276/69 91/275/69 89/274/69 94/273/69
f 95/280/70 96/279/70 94/278/70 93/277/70
f 94/284/71 89/283/71 90/282/71 93/281/71
f 95/288/72 92/287/72 91/286/72 96/285/72
o cube
v 0.040625000000002895 0.518218472659728 0.5902942973524292
v 2.9314272750415147e-15 0.5182184726597279 0.5902942973524294
v 0.04062500000000292 0.47346805780371254 0.5717580685972453
v 2.9556266675313912e-15 0.4734680578037124 0.5717580685972455
v 2.9584889612667535e-15 0.5164246440705165 0.5946249826610761
v 0.04062500000000292 0.5164246440705166 0.5946249826610759
v 2.98268835375663e-15 0.4716742292145011 0.5760887539058923
v 0.04062500000000295 0.4716742292145012 0.5760887539058921
vt 0.5 0.5625
vt 0.5625 0.5625
vt 0.5625 0.5
vt 0.5 0.5
vt 0.5 0.5625
vt 0.5625 0.5625
vt 0.5625 0.5
vt 0.5 0.5
vt 0.5 0.5625
vt 0.5625 0.5625
vt 0.5625 0.5
vt 0.5 0.5
vt 0.5 0.5625
vt 0.5625 0.5625
vt 0.5625 0.5
vt 0.5 0.5
vt 0.5 0.5625
vt 0.5625 0.5625
vt 0.5625 0.5
vt 0.5 0.5
vt 0.5 0.5625
vt 0.5625 0.5625
vt 0.5625 0.5
vt 0.5 0.5
vn -1 -2.6708631283606567e-15 5.142515329675146e-15
vn -5.759193409778249e-15 0.3826834323650865 -0.9238795325112881
vn 1 2.6708631283606567e-15 -5.142515329675146e-15
vn 5.759193409778249e-15 -0.3826834323650865 0.9238795325112881
vn -5.586210003164036e-16 0.9238795325112881 0.3826834323650865
vn 5.586210003164036e-16 -0.9238795325112881 -0.3826834323650865
usemtl m_659559a6-bfd8-dd34-0823-dc18abce9b7b
f 100/292/73 103/291/73 101/290/73 98/289/73
f 99/296/74 100/295/74 98/294/74 97/293/74
f 104/300/75 99/299/75 97/298/75 102/297/75
f 103/304/76 104/303/76 102/302/76 101/301/76
f 102/308/77 97/307/77 98/306/77 101/305/77
f 103/312/78 100/311/78 99/310/78 104/309/78
o cube
v 0.040625000000003055 0.5080534439875304 0.6148348474347602
v 3.0847768303178646e-15 0.5080534439875303 0.6148348474347605
v 0.040625000000003075 0.4633030291315149 0.5962986186795765
v 3.108976222807741e-15 0.4633030291315148 0.5962986186795767
v 3.256167509744373e-15 0.49669252958919174 0.6422625210561894
v 0.04062500000000322 0.49669252958919186 0.6422625210561892
v 3.2803669022342496e-15 0.4519421147331763 0.6237262923010055
v 0.04062500000000325 0.4519421147331764 0.6237262923010053
vt 0.5 0.5625
vt 0.5625 0.5625
vt 0.5625 0.5
vt 0.5 0.5
vt 0.5 0.5625
vt 0.5625 0.5625
vt 0.5625 0.5
vt 0.5 0.5
vt 0.5 0.5625
vt 0.5625 0.5625
vt 0.5625 0.5
vt 0.5 0.5
vt 0.5 0.5625
vt 0.5625 0.5625
vt 0.5625 0.5
vt 0.5 0.5
vt 0.5 0.5625
vt 0.5625 0.5625
vt 0.5625 0.5
vt 0.5 0.5
vt 0.5 0.5625
vt 0.5625 0.5625
vt 0.5625 0.5
vt 0.5 0.5
vn -1 -2.6708631283606567e-15 5.142515329675146e-15
vn -5.759193409778249e-15 0.3826834323650865 -0.9238795325112881
vn 1 2.6708631283606567e-15 -5.142515329675146e-15
vn 5.759193409778249e-15 -0.3826834323650865 0.9238795325112881
vn -5.586210003164036e-16 0.9238795325112881 0.3826834323650865
vn 5.586210003164036e-16 -0.9238795325112881 -0.3826834323650865
usemtl m_659559a6-bfd8-dd34-0823-dc18abce9b7b
f 108/316/79 111/315/79 109/314/79 106/313/79
f 107/320/80 108/319/80 106/318/80 105/317/80
f 112/324/81 107/323/81 105/322/81 110/321/81
f 111/328/82 112/327/82 110/326/82 109/325/82
f 110/332/83 105/331/83 106/330/83 109/329/83
f 111/336/84 108/335/84 107/334/84 112/333/84
o cube
v 0.040625000000003 0.49801589878802555 0.6013122358330915
v 3.031446976691654e-15 0.49801589878802566 0.6013122358330917
v 0.04062500000000299 0.4864674046316344 0.6060957787376551
v 3.0252019721781376e-15 0.4864674046316345 0.6060957787376553
v 3.0675292249919715e-15 0.5004076702403074 0.6070864829112872
v 0.040625000000003034 0.5004076702403073 0.607086482911287
v 3.061284220478455e-15 0.48885917608391627 0.6118700258158507
v 0.04062500000000303 0.48885917608391616 0.6118700258158505
vt 0.5 0.5625
vt 0.5625 0.5625
vt 0.5625 0.5
vt 0.5 0.5
vt 0.5 0.5625
vt 0.5625 0.5625
vt 0.5625 0.5
vt 0.5 0.5
vt 0.5 0.5625
vt 0.5625 0.5625
vt 0.5625 0.5
vt 0.5 0.5
vt 0.5 0.5625
vt 0.5625 0.5625
vt 0.5625 0.5
vt 0.5 0.5
vt 0.5 0.5625
vt 0.5625 0.5625
vt 0.5625 0.5
vt 0.5 0.5
vt 0.5 0.5625
vt 0.5625 0.5625
vt 0.5625 0.5
vt 0.5 0.5
vn -1 2.6708631283606567e-15 5.142515329675146e-15
vn -5.759193409778249e-15 -0.3826834323650865 -0.9238795325112881
vn 1 -2.6708631283606567e-15 -5.142515329675146e-15
vn 5.759193409778249e-15 0.3826834323650865 0.9238795325112881
vn 5.586210003164036e-16 0.9238795325112881 -0.3826834323650865
vn -5.586210003164036e-16 -0.9238795325112881 0.3826834323650865
usemtl m_659559a6-bfd8-dd34-0823-dc18abce9b7b
f 116/340/85 119/339/85 117/338/85 114/337/85
f 115/344/86 116/343/86 114/342/86 113/341/86
f 120/348/87 115/347/87 113/346/87 118/345/87
f 119/352/88 120/351/88 118/350/88 117/349/88
f 118/356/89 113/355/89 114/354/89 117/353/89
f 119/360/90 116/359/90 115/358/90 120/357/90
o cube
v 0.040625000000002805 0.48257197512444827 0.5721933243987057
v 2.8404539219866077e-15 0.4825719751244484 0.572193324398706
v 0.0406250000000028 0.47102348096805724 0.5769768673032692
v 2.834208917473091e-15 0.47102348096805735 0.5769768673032695
v 2.894577294437084e-15 0.48615963230287107 0.5808546950159993
v 0.04062500000000286 0.48615963230287096 0.5808546950159991
v 2.8883322899235674e-15 0.47461113814648004 0.5856382379205629
v 0.04062500000000285 0.4746111381464799 0.5856382379205627
vt 0.5 0.5625
vt 0.5625 0.5625
vt 0.5625 0.5
vt 0.5 0.5
vt 0.5 0.5625
vt 0.5625 0.5625
vt 0.5625 0.5
vt 0.5 0.5
vt 0.5 0.5625
vt 0.5625 0.5625
vt 0.5625 0.5
vt 0.5 0.5
vt 0.5 0.5625
vt 0.5625 0.5625
vt 0.5625 0.5
vt 0.5 0.5
vt 0.5 0.5625
vt 0.5625 0.5625
vt 0.5625 0.5
vt 0.5 0.5
vt 0.5 0.5625
vt 0.5625 0.5625
vt 0.5625 0.5
vt 0.5 0.5
vn -1 2.6708631283606567e-15 5.142515329675146e-15
vn -5.759193409778249e-15 -0.3826834323650865 -0.9238795325112881
vn 1 -2.6708631283606567e-15 -5.142515329675146e-15
vn 5.759193409778249e-15 0.3826834323650865 0.9238795325112881
vn 5.586210003164036e-16 0.9238795325112881 -0.3826834323650865
vn -5.586210003164036e-16 -0.9238795325112881 0.3826834323650865
usemtl m_659559a6-bfd8-dd34-0823-dc18abce9b7b
f 124/364/91 127/363/91 125/362/91 122/361/91
f 123/368/92 124/367/92 122/366/92 121/365/92
f 128/372/93 123/371/93 121/370/93 126/369/93
f 127/376/94 128/375/94 126/374/94 125/373/94
f 126/380/95 121/379/95 122/378/95 125/377/95
f 127/384/96 124/383/96 123/382/96 128/381/96
o cube
v 0.04062500000000292 0.5157746163293107 0.5941527838171948
v 2.957796806599839e-15 0.5157746163293105 0.594152783817195
v 0.04062500000000293 0.5013389986338218 0.5881733551864903
v 2.9656030622417346e-15 0.5013389986338217 0.5881733551864905
v 3.09310523772603e-15 0.5068054733832539 0.6158062103604284
v 0.04062500000000306 0.506805473383254 0.6158062103604282
v 3.1009114933679255e-15 0.492369855687765 0.6098267817297238
v 0.04062500000000307 0.4923698556877651 0.6098267817297236
vt 0.5 0.5625
vt 0.5625 0.5625
vt 0.5625 0.5
vt 0.5 0.5
vt 0.5 0.5625
vt 0.5625 0.5625
vt 0.5625 0.5
vt 0.5 0.5
vt 0.5 0.5625
vt 0.5625 0.5625
vt 0.5625 0.5
vt 0.5 0.5
vt 0.5 0.5625
vt 0.5625 0.5625
vt 0.5625 0.5
vt 0.5 0.5
vt 0.5 0.5625
vt 0.5625 0.5625
vt 0.5625 0.5
vt 0.5 0.5
vt 0.5 0.5625
vt 0.5625 0.5625
vt 0.5625 0.5
vt 0.5 0.5
vn -1 -2.6708631283606567e-15 5.142515329675146e-15
vn -5.759193409778249e-15 0.3826834323650865 -0.9238795325112881
vn 1 2.6708631283606567e-15 -5.142515329675146e-15
vn 5.759193409778249e-15 -0.3826834323650865 0.9238795325112881
vn -5.586210003164036e-16 0.9238795325112881 0.3826834323650865
vn 5.586210003164036e-16 -0.9238795325112881 -0.3826834323650865
usemtl m_659559a6-bfd8-dd34-0823-dc18abce9b7b
f 132/388/97 135/387/97 133/386/97 130/385/97
f 131/392/98 132/391/98 130/390/98 129/389/98
f 136/396/99 131/395/99 129/394/99 134/393/99
f 135/400/100 136/399/100 134/398/100 133/397/100
f 134/404/101 129/403/101 130/402/101 133/401/101
f 135/408/102 132/407/102 131/406/102 136/405/102
o cube
v 0.04062500000000296 0.47871690465241434 0.5815427823071028
v 2.9919257562662062e-15 0.47871690465241423 0.581542782307103
v 0.040625000000002964 0.4714990958046699 0.5785530679917505
v 2.995828884087154e-15 0.4714990958046698 0.5785530679917508
v 3.09115193909208e-15 0.4721395331586393 0.5974219617721408
v 0.040625000000003055 0.47213953315863944 0.5974219617721406
v 3.095055066913028e-15 0.46492172431089485 0.5944322474567886
v 0.04062500000000306 0.46492172431089496 0.5944322474567884
vt 0.5 0.5625
vt 0.5625 0.5625
vt 0.5625 0.5
vt 0.5 0.5
vt 0.5 0.5625
vt 0.5625 0.5625
vt 0.5625 0.5
vt 0.5 0.5
vt 0.5 0.5625
vt 0.5625 0.5625
vt 0.5625 0.5
vt 0.5 0.5
vt 0.5 0.5625
vt 0.5625 0.5625
vt 0.5625 0.5
vt 0.5 0.5
vt 0.5 0.5625
vt 0.5625 0.5625
vt 0.5625 0.5
vt 0.5 0.5
vt 0.5 0.5625
vt 0.5625 0.5625
vt 0.5625 0.5
vt 0.5 0.5
vn -1 -2.6708631283606567e-15 5.142515329675146e-15
vn -5.759193409778249e-15 0.3826834323650865 -0.9238795325112881
vn 1 2.6708631283606567e-15 -5.142515329675146e-15
vn 5.759193409778249e-15 -0.3826834323650865 0.9238795325112881
vn -5.586210003164036e-16 0.9238795325112881 0.3826834323650865
vn 5.586210003164036e-16 -0.9238795325112881 -0.3826834323650865
usemtl m_659559a6-bfd8-dd34-0823-dc18abce9b7b
f 140/412/103 143/411/103 141/410/103 138/409/103
f 139/416/104 140/415/104 138/414/104 137/413/104
f 144/420/105 139/419/105 137/418/105 142/417/105
f 143/424/106 144/423/106 142/422/106 141/421/106
f 142/428/107 137/427/107 138/426/107 141/425/107
f 143/432/108 140/431/108 139/430/108 144/429/108
o cube
v 0.040625000000002916 0.5006979915690926 0.583288897997779
v 2.9459251882974404e-15 0.5006979915690926 0.5832888979977793
v 0.04062500000000291 0.494923744490897 0.5856806694500609
v 2.942802686040682e-15 0.4949237444908971 0.5856806694500611
v 3.018089684898076e-15 0.5054815344736563 0.5948373921541704
v 0.040625000000002985 0.5054815344736562 0.5948373921541702
v 3.014967182641318e-15 0.4997072873954607 0.5972291636064523
v 0.040625000000002985 0.4997072873954606 0.5972291636064521
vt 0.5 0.5625
vt 0.5625 0.5625
vt 0.5625 0.5
vt 0.5 0.5
vt 0.5 0.5625
vt 0.5625 0.5625
vt 0.5625 0.5
vt 0.5 0.5
vt 0.5 0.5625
vt 0.5625 0.5625
vt 0.5625 0.5
vt 0.5 0.5
vt 0.5 0.5625
vt 0.5625 0.5625
vt 0.5625 0.5
vt 0.5 0.5
vt 0.5 0.5625
vt 0.5625 0.5625
vt 0.5625 0.5
vt 0.5 0.5
vt 0.5 0.5625
vt 0.5625 0.5625
vt 0.5625 0.5
vt 0.5 0.5
vn -1 2.6708631283606567e-15 5.142515329675146e-15
vn -5.759193409778249e-15 -0.3826834323650865 -0.9238795325112881
vn 1 -2.6708631283606567e-15 -5.142515329675146e-15
vn 5.759193409778249e-15 0.3826834323650865 0.9238795325112881
vn 5.586210003164036e-16 0.9238795325112881 -0.3826834323650865
vn -5.586210003164036e-16 -0.9238795325112881 0.3826834323650865
usemtl m_659559a6-bfd8-dd34-0823-dc18abce9b7b
f 148/436/109 151/435/109 149/434/109 146/433/109
f 147/440/110 148/439/110 146/438/110 145/437/110
f 152/444/111 147/443/111 145/442/111 150/441/111
f 151/448/112 152/447/112 150/446/112 149/445/112
f 150/452/113 145/451/113 146/450/113 149/449/113
f 151/456/114 148/455/114 147/454/114 152/453/114
o cube
v 0.04062500000000288 0.4720744322215227 0.5917626888570198
v 2.9130521784276794e-15 0.4720744322215228 0.59176268885702
v 0.040625000000002874 0.46341306160422935 0.5953503460354426
v 2.9083684250425423e-15 0.46341306160422946 0.5953503460354428
v 2.9852166750283152e-15 0.4768579751260864 0.6033111830134112
v 0.04062500000000295 0.4768579751260863 0.603311183013411
v 2.980532921643178e-15 0.4681966045087931 0.6068988401918338
v 0.04062500000000295 0.46819660450879297 0.6068988401918336
vt 0.5 0.5625
vt 0.5625 0.5625
vt 0.5625 0.5
vt 0.5 0.5
vt 0.5 0.5625
vt 0.5625 0.5625
vt 0.5625 0.5
vt 0.5 0.5
vt 0.5 0.5625
vt 0.5625 0.5625
vt 0.5625 0.5
vt 0.5 0.5
vt 0.5 0.5625
vt 0.5625 0.5625
vt 0.5625 0.5
vt 0.5 0.5
vt 0.5 0.5625
vt 0.5625 0.5625
vt 0.5625 0.5
vt 0.5 0.5
vt 0.5 0.5625
vt 0.5625 0.5625
vt 0.5625 0.5
vt 0.5 0.5
vn -1 2.6708631283606567e-15 5.142515329675146e-15
vn -5.759193409778249e-15 -0.3826834323650865 -0.9238795325112881
vn 1 -2.6708631283606567e-15 -5.142515329675146e-15
vn 5.759193409778249e-15 0.3826834323650865 0.9238795325112881
vn 5.586210003164036e-16 0.9238795325112881 -0.3826834323650865
vn -5.586210003164036e-16 -0.9238795325112881 0.3826834323650865
usemtl m_659559a6-bfd8-dd34-0823-dc18abce9b7b
f 156/460/115 159/459/115 157/458/115 154/457/115
f 155/464/116 156/463/116 154/462/116 153/461/116
f 160/468/117 155/467/117 153/466/117 158/465/117
f 159/472/118 160/471/118 158/470/118 157/469/118
f 158/476/119 153/475/119 154/474/119 157/473/119
f 159/480/120 156/479/120 155/478/120 160/477/120
o cube
v 0.0406250000000027 0.4764174130839126 0.5552933926173583
v 2.7371077709052893e-15 0.4764174130839127 0.5552933926173585
v 0.0406250000000027 0.46919960423616813 0.5582831069327105
v 2.7332046430843415e-15 0.46919960423616824 0.5582831069327108
v 2.8724162020314803e-15 0.4853865560299694 0.5769468191605919
v 0.04062500000000284 0.4853865560299693 0.5769468191605917
v 2.8685130742105324e-15 0.47816874718222496 0.5799365334759441
v 0.04062500000000283 0.47816874718222485 0.5799365334759439
vt 0.5 0.5625
vt 0.5625 0.5625
vt 0.5625 0.5
vt 0.5 0.5
vt 0.5 0.5625
vt 0.5625 0.5625
vt 0.5625 0.5
vt 0.5 0.5
vt 0.5 0.5625
vt 0.5625 0.5625
vt 0.5625 0.5
vt 0.5 0.5
vt 0.5 0.5625
vt 0.5625 0.5625
vt 0.5625 0.5
vt 0.5 0.5
vt 0.5 0.5625
vt 0.5625 0.5625
vt 0.5625 0.5
vt 0.5 0.5
vt 0.5 0.5625
vt 0.5625 0.5625
vt 0.5625 0.5
vt 0.5 0.5
vn -1 2.6708631283606567e-15 5.142515329675146e-15
vn -5.759193409778249e-15 -0.3826834323650865 -0.9238795325112881
vn 1 -2.6708631283606567e-15 -5.142515329675146e-15
vn 5.759193409778249e-15 0.3826834323650865 0.9238795325112881
vn 5.586210003164036e-16 0.9238795325112881 -0.3826834323650865
vn -5.586210003164036e-16 -0.9238795325112881 0.3826834323650865
usemtl m_659559a6-bfd8-dd34-0823-dc18abce9b7b
f 164/484/121 167/483/121 165/482/121 162/481/121
f 163/488/122 164/487/122 162/486/122 161/485/122
f 168/492/123 163/491/123 161/490/123 166/489/123
f 167/496/124 168/495/124 166/494/124 165/493/124
f 166/500/125 161/499/125 162/498/125 165/497/125
f 167/504/126 164/503/126 163/502/126 168/501/126
o cube
v 0.04062500000000294 0.5225264455946079 0.5767841690523304
v 2.9707753329859543e-15 0.5225264455946081 0.5767841690523307
v 0.04062500000000292 0.5008730190513747 0.5857533119983872
v 2.959065949523111e-15 0.5008730190513748 0.5857533119983874
v 3.0429398295865893e-15 0.5273099884991717 0.5883326632087218
v 0.04062500000000301 0.5273099884991715 0.5883326632087216
v 3.031230446123746e-15 0.5056565619559383 0.5973018061547786
v 0.040625000000003 0.5056565619559382 0.5973018061547783
vt 0.5 0.5625
vt 0.5625 0.5625
vt 0.5625 0.5
vt 0.5 0.5
vt 0.5 0.5625
vt 0.5625 0.5625
vt 0.5625 0.5
vt 0.5 0.5
vt 0.5 0.5625
vt 0.5625 0.5625
vt 0.5625 0.5
vt 0.5 0.5
vt 0.5 0.5625
vt 0.5625 0.5625
vt 0.5625 0.5
vt 0.5 0.5
vt 0.5 0.5625
vt 0.5625 0.5625
vt 0.5625 0.5
vt 0.5 0.5
vt 0.5 0.5625
vt 0.5625 0.5625
vt 0.5625 0.5
vt 0.5 0.5
vn -1 2.6708631283606567e-15 5.142515329675146e-15
vn -5.759193409778249e-15 -0.3826834323650865 -0.9238795325112881
vn 1 -2.6708631283606567e-15 -5.142515329675146e-15
vn 5.759193409778249e-15 0.3826834323650865 0.9238795325112881
vn 5.586210003164036e-16 0.9238795325112881 -0.3826834323650865
vn -5.586210003164036e-16 -0.9238795325112881 0.3826834323650865
usemtl m_659559a6-bfd8-dd34-0823-dc18abce9b7b
f 172/508/127 175/507/127 173/506/127 170/505/127
f 171/512/128 172/511/128 170/510/128 169/509/128
f 176/516/129 171/515/129 169/514/129 174/513/129
f 175/520/130 176/519/130 174/518/130 173/517/130
f 174/524/131 169/523/131 170/522/131 173/521/131
f 175/528/132 172/527/132 171/526/132 176/525/132
o cube
v 0.04062499999999988 0.5616393749999999 0.134800625
v -8.545008739169275e-17 0.5616393749999999 0.134800625
v 0.04062499999999988 0.552264375 0.134800625
v -8.544899464882406e-17 0.552264375 0.134800625
v -1.1147093953134485e-16 0.5616393749999999 0.251988125
v 0.040624999999999856 0.5616393749999999 0.251988125
v -1.1146984678847615e-16 0.552264375 0.251988125
v 0.040624999999999856 0.552264375 0.251988125
vt 0.78125 0.625
vt 0.71875 0.625
vt 0.71875 0.59375
vt 0.78125 0.59375
vt 0.78125 0.625
vt 0.71875 0.625
vt 0.71875 0.59375
vt 0.78125 0.59375
vt 0.78125 0.625
vt 0.71875 0.625
vt 0.71875 0.59375
vt 0.78125 0.59375
vt 0.78125 0.625
vt 0.71875 0.625
vt 0.71875 0.59375
vt 0.78125 0.59375
vt 0.78125 0.625
vt 0.71875 0.625
vt 0.71875 0.59375
vt 0.78125 0.59375
vt 0.78125 0.625
vt 0.71875 0.625
vt 0.71875 0.59375
vt 0.78125 0.59375
vn -1 -1.165592393275421e-19 -2.220446049250313e-16
vn 2.220446049250313e-16 2.588135024684626e-35 -1
vn 1 1.165592393275421e-19 2.220446049250313e-16
vn -2.220446049250313e-16 -2.588135024684626e-35 1
vn -1.165592393275421e-19 1 -1.8072259420058102e-36
vn 1.165592393275421e-19 -1 1.8072259420058102e-36
usemtl m_659559a6-bfd8-dd34-0823-dc18abce9b7b
f 180/532/133 183/531/133 181/530/133 178/529/133
f 179/536/134 180/535/134 178/534/134 177/533/134
f 184/540/135 179/539/135 177/538/135 182/537/135
f 183/544/136 184/543/136 182/542/136 181/541/136
f 182/548/137 177/547/137 178/546/137 181/545/137
f 183/552/138 180/551/138 179/550/138 184/549/138
o cube
v 0.040624999999999856 0.5772643749999999 0.250425625
v -1.1112581607426398e-16 0.5772643749999999 0.250425625
v 0.040624999999999856 0.560076875 0.250425625
v -1.1112381271233806e-16 0.560076875 0.250425625
v -1.1181970546465472e-16 0.5772643749999999 0.25355062500000003
v 0.040624999999999856 0.5772643749999999 0.25355062500000003
v -1.118177021027288e-16 0.560076875 0.25355062500000003
v 0.040624999999999856 0.560076875 0.25355062500000003
vt 0.75 0.625
vt 0.78125 0.625
vt 0.78125 0.59375
vt 0.75 0.59375
vt 0.75 0.625
vt 0.78125 0.625
vt 0.78125 0.59375
vt 0.75 0.59375
vt 0.75 0.625
vt 0.78125 0.625
vt 0.78125 0.59375
vt 0.75 0.59375
vt 0.75 0.625
vt 0.78125 0.625
vt 0.78125 0.59375
vt 0.75 0.59375
vt 0.75 0.625
vt 0.78125 0.625
vt 0.78125 0.59375
vt 0.75 0.59375
vt 0.75 0.625
vt 0.78125 0.625
vt 0.78125 0.59375
vt 0.75 0.59375
vn -1 -1.165592393275421e-19 -2.220446049250313e-16
vn 2.220446049250313e-16 2.588135024684626e-35 -1
vn 1 1.165592393275421e-19 2.220446049250313e-16
vn -2.220446049250313e-16 -2.588135024684626e-35 1
vn -1.165592393275421e-19 1 -1.8072259420058102e-36
vn 1.165592393275421e-19 -1 1.8072259420058102e-36
usemtl m_659559a6-bfd8-dd34-0823-dc18abce9b7b
f 188/556/139 191/555/139 189/554/139 186/553/139
f 187/560/140 188/559/140 186/558/140 185/557/140
f 192/564/141 187/563/141 185/562/141 190/561/141
f 191/568/142 192/567/142 190/566/142 189/565/142
f 190/572/143 185/571/143 186/570/143 189/569/143
f 191/576/144 188/575/144 187/574/144 192/573/144
o cube
v 0.040624999999999876 0.583514375 0.14886312499999999
v -8.857513938181129e-17 0.583514375 0.14886312499999999
v 0.040624999999999876 0.560076875 0.14886312499999999
v -8.857240752463955e-17 0.560076875 0.14886312499999999
v -9.516708859052317e-17 0.583514375 0.17855062500000007
v 0.04062499999999987 0.583514375 0.17855062500000007
v -9.516435673335144e-17 0.560076875 0.17855062500000007
v 0.04062499999999987 0.560076875 0.17855062500000007
vt 0.75 0.625
vt 0.71875 0.625
vt 0.71875 0.59375
vt 0.75 0.59375
vt 0.75 0.625
vt 0.71875 0.625
vt 0.71875 0.59375
vt 0.75 0.59375
vt 0.75 0.625
vt 0.71875 0.625
vt 0.71875 0.59375
vt 0.75 0.59375
vt 0.75 0.625
vt 0.71875 0.625
vt 0.71875 0.59375
vt 0.75 0.59375
vt 0.75 0.625
vt 0.71875 0.625
vt 0.71875 0.59375
vt 0.75 0.59375
vt 0.75 0.625
vt 0.71875 0.625
vt 0.71875 0.59375
vt 0.75 0.59375
vn -1 -1.165592393275421e-19 -2.220446049250313e-16
vn 2.220446049250313e-16 2.588135024684626e-35 -1
vn 1 1.165592393275421e-19 2.220446049250313e-16
vn -2.220446049250313e-16 -2.588135024684626e-35 1
vn -1.165592393275421e-19 1 -1.8072259420058102e-36
vn 1.165592393275421e-19 -1 1.8072259420058102e-36
usemtl m_659559a6-bfd8-dd34-0823-dc18abce9b7b
f 196/580/145 199/579/145 197/578/145 194/577/145
f 195/584/146 196/583/146 194/582/146 193/581/146
f 200/588/147 195/587/147 193/586/147 198/585/147
f 199/592/148 200/591/148 198/590/148 197/589/148
f 198/596/149 193/595/149 194/594/149 197/593/149
f 199/600/150 196/599/150 195/598/150 200/597/150
o cube
v 0.04062499999999987 0.583514375 0.20042562499999994
v -1.000243143232582e-16 0.583514375 0.20042562499999994
v 0.04062499999999987 0.560076875 0.20042562499999994
v -1.0002158246608647e-16 0.560076875 0.20042562499999994
v -1.0592237414157936e-16 0.583514375 0.22698812499999999
v 0.04062499999999986 0.583514375 0.22698812499999999
v -1.0591964228440762e-16 0.560076875 0.22698812499999999
v 0.04062499999999986 0.560076875 0.22698812499999999
vt 0.75 0.625
vt 0.78125 0.625
vt 0.78125 0.59375
vt 0.75 0.59375
vt 0.75 0.625
vt 0.78125 0.625
vt 0.78125 0.59375
vt 0.75 0.59375
vt 0.75 0.625
vt 0.78125 0.625
vt 0.78125 0.59375
vt 0.75 0.59375
vt 0.75 0.625
vt 0.78125 0.625
vt 0.78125 0.59375
vt 0.75 0.59375
vt 0.75 0.625
vt 0.78125 0.625
vt 0.78125 0.59375
vt 0.75 0.59375
vt 0.75 0.625
vt 0.78125 0.625
vt 0.78125 0.59375
vt 0.75 0.59375
vn -1 -1.165592393275421e-19 -2.220446049250313e-16
vn 2.220446049250313e-16 2.588135024684626e-35 -1
vn 1 1.165592393275421e-19 2.220446049250313e-16
vn -2.220446049250313e-16 -2.588135024684626e-35 1
vn -1.165592393275421e-19 1 -1.8072259420058102e-36
vn 1.165592393275421e-19 -1 1.8072259420058102e-36
usemtl m_659559a6-bfd8-dd34-0823-dc18abce9b7b
f 204/604/151 207/603/151 205/602/151 202/601/151
f 203/608/152 204/607/152 202/606/152 201/605/152
f 208/612/153 203/611/153 201/610/153 206/609/153
f 207/616/154 208/615/154 206/614/154 205/613/154
f 206/620/155 201/619/155 202/618/155 205/617/155
f 207/624/156 204/623/156 203/622/156 208/621/156
o cube
v 0.04062499999999956 0.5556574152351684 0.24692187499999993
v -4.029598864797143e-16 0.5556574152351683 0.2469218749999999
v 0.04062499999999957 0.5435040174335246 0.2590752728016437
v -3.867402219793311e-16 0.5435040174335245 0.25907527280164366
v -4.2030712123948236e-16 0.5611816869631882 0.2524461467280198
v 0.040624999999999536 0.5611816869631883 0.25244614672801985
v -4.0408745673909917e-16 0.5490282891615443 0.2645995445296636
v 0.04062499999999956 0.5490282891615444 0.26459954452966367
vt 0.75 0.625
vt 0.78125 0.625
vt 0.78125 0.59375
vt 0.75 0.59375
vt 0.75 0.625
vt 0.78125 0.625
vt 0.78125 0.59375
vt 0.75 0.59375
vt 0.75 0.625
vt 0.78125 0.625
vt 0.78125 0.59375
vt 0.75 0.59375
vt 0.75 0.625
vt 0.78125 0.625
vt 0.78125 0.59375
vt 0.75 0.59375
vt 0.75 0.625
vt 0.78125 0.625
vt 0.78125 0.59375
vt 0.75 0.59375
vt 0.75 0.625
vt 0.78125 0.625
vt 0.78125 0.59375
vt 0.75 0.59375
vn -1 -2.2373817536243798e-15 -9.028031637431697e-16
vn 2.1196248192230973e-15 -0.7071067811865478 -0.7071067811865472
vn 1 2.2373817536243798e-15 9.028031637431697e-16
vn -2.1196248192230973e-15 0.7071067811865478 0.7071067811865472
vn -8.635508522760754e-16 0.7071067811865471 -0.7071067811865479
vn 8.635508522760754e-16 -0.7071067811865471 0.7071067811865479
usemtl m_659559a6-bfd8-dd34-0823-dc18abce9b7b
f 212/628/157 215/627/157 213/626/157 210/625/157
f 211/632/158 212/631/158 210/630/158 209/629/158
f 216/636/159 211/635/159 209/634/159 214/633/159
f 215/640/160 216/639/160 214/638/160 213/637/160
f 214/644/161 209/643/161 210/642/161 213/641/161
f 215/648/162 212/647/162 211/646/162 216/645/162
o cube
v 0.040624999999999495 0.585645564110436 0.241397311963188
